43,53
23,43
13,23
31,32
31,34
31,35
31,36
32,34
32,35
32,36
34,35
34,36
35,36
83,93
73,93
63,93
73,83
53,93
63,83
43,93
53,83
63,73
43,83
53,73
23,93
43,73
53,63
13,93
23,83
43,63
13,83
23,73
13,73
23,63
13,63
23,53
13,53
13,43
41,51
41,52
41,53
41,54
41,55
41,56
42,51
42,52
42,53
42,54
42,55
42,56
43,51
43,52
43,54
43,55
43,56
44,51
44,52
44,53
44,54
44,55
44,56
45,51
45,52
45,53
45,54
45,55
45,56
46,51
46,52
46,53
46,54
46,55
46,56
21,41
21,42
21,43
21,44
21,45
21,46
22,41
22,42
22,43
22,44
22,45
22,46
23,41
23,42
23,44
23,45
23,46
24,41
24,42
24,43
24,44
24,45
24,46
25,41
25,42
25,43
25,44
25,45
25,46
26,41
26,42
26,43
26,44
26,45
26,46
11,21
11,22
11,23
11,24
11,25
11,26
12,21
12,22
12,23
12,24
12,25
12,26
13,21
13,22
13,24
13,25
13,26
14,21
14,22
14,23
14,24
14,25
14,26
15,21
15,22
15,23
15,24
15,25
15,26
16,21
16,22
16,23
16,24
16,25
16,26
91,92
91,93
91,94
91,95
91,96
92,93
92,94
92,95
92,96
93,94
93,95
93,96
94,95
94,96
95,96
81,91
81,92
81,93
81,94
81,95
81,96
82,91
82,92
82,93
82,94
82,95
82,96
83,91
83,92
83,94
83,95
83,96
84,91
84,92
84,93
84,94
84,95
84,96
85,91
85,92
85,93
85,94
85,95
85,96
86,91
86,92
86,93
86,94
86,95
86,96
71,91
71,92
71,93
71,94
71,95
71,96
72,91
72,92
72,93
72,94
72,95
72,96
73,91
73,92
73,94
73,95
73,96
74,91
74,92
74,93
74,94
74,95
74,96
75,91
75,92
75,93
75,94
75,95
75,96
76,91
76,92
76,93
76,94
76,95
76,96
81,82
81,83
81,84
81,85
81,86
82,83
82,84
82,85
82,86
83,84
83,85
83,86
84,85
84,86
85,86
61,91
61,92
61,93
61,94
61,95
61,96
62,91
62,92
62,93
62,94
62,95
62,96
63,91
63,92
63,94
63,95
63,96
64,91
64,92
64,93
64,94
64,95
64,96
65,91
65,92
65,93
65,94
65,95
65,96
66,91
66,92
66,93
66,94
66,95
66,96
71,81
71,82
71,83
71,84
71,85
71,86
72,81
72,82
72,83
72,84
72,85
72,86
73,81
73,82
73,84
73,85
73,86
74,81
74,82
74,83
74,84
74,85
74,86
75,81
75,82
75,83
75,84
75,85
75,86
76,81
76,82
76,83
76,84
76,85
76,86
51,91
51,92
51,93
51,94
51,95
51,96
52,91
52,92
52,93
52,94
52,95
52,96
53,91
53,92
53,94
53,95
53,96
54,91
54,92
54,93
54,94
54,95
54,96
55,91
55,92
55,93
55,94
55,95
55,96
56,91
56,92
56,93
56,94
56,95
56,96
61,81
61,82
61,83
61,84
61,85
61,86
62,81
62,82
62,83
62,84
62,85
62,86
63,81
63,82
63,84
63,85
63,86
64,81
64,82
64,83
64,84
64,85
64,86
65,81
65,82
65,83
65,84
65,85
65,86
66,81
66,82
66,83
66,84
66,85
66,86
71,72
71,73
71,74
71,75
71,76
72,73
72,74
72,75
72,76
73,74
73,75
73,76
74,75
74,76
75,76
41,91
41,92
41,93
41,94
41,95
41,96
42,91
42,92
42,93
42,94
42,95
42,96
43,91
43,92
43,94
43,95
43,96
44,91
44,92
44,93
44,94
44,95
44,96
45,91
45,92
45,93
45,94
45,95
45,96
46,91
46,92
46,93
46,94
46,95
46,96
51,81
51,82
51,83
51,84
51,85
51,86
52,81
52,82
52,83
52,84
52,85
52,86
53,81
53,82
53,84
53,85
53,86
54,81
54,82
54,83
54,84
54,85
54,86
55,81
55,82
55,83
55,84
55,85
55,86
56,81
56,82
56,83
56,84
56,85
56,86
61,71
61,72
61,73
61,74
61,75
61,76
62,71
62,72
62,73
62,74
62,75
62,76
63,71
63,72
63,74
63,75
63,76
64,71
64,72
64,73
64,74
64,75
64,76
65,71
65,72
65,73
65,74
65,75
65,76
66,71
66,72
66,73
66,74
66,75
66,76
31,91
31,92
31,93
31,94
31,95
31,96
32,91
32,92
32,93
32,94
32,95
32,96
34,91
34,92
34,93
34,94
34,95
34,96
35,91
35,92
35,93
35,94
35,95
35,96
36,91
36,92
36,93
36,94
36,95
36,96
41,81
41,82
41,83
41,84
41,85
41,86
42,81
42,82
42,83
42,84
42,85
42,86
43,81
43,82
43,84
43,85
43,86
44,81
44,82
44,83
44,84
44,85
44,86
45,81
45,82
45,83
45,84
45,85
45,86
46,81
46,82
46,83
46,84
46,85
46,86
51,71
51,72
51,73
51,74
51,75
51,76
52,71
52,72
52,73
52,74
52,75
52,76
53,71
53,72
53,74
53,75
53,76
54,71
54,72
54,73
54,74
54,75
54,76
55,71
55,72
55,73
55,74
55,75
55,76
56,71
56,72
56,73
56,74
56,75
56,76
61,62
61,63
61,64
61,65
61,66
62,63
62,64
62,65
62,66
63,64
63,65
63,66
64,65
64,66
65,66
21,91
21,92
21,93
21,94
21,95
21,96
22,91
22,92
22,93
22,94
22,95
22,96
23,91
23,92
23,94
23,95
23,96
24,91
24,92
24,93
24,94
24,95
24,96
25,91
25,92
25,93
25,94
25,95
25,96
26,91
26,92
26,93
26,94
26,95
26,96
31,81
31,82
31,83
31,84
31,85
31,86
32,81
32,82
32,83
32,84
32,85
32,86
34,81
34,82
34,83
34,84
34,85
34,86
35,81
35,82
35,83
35,84
35,85
35,86
36,81
36,82
36,83
36,84
36,85
36,86
41,71
41,72
41,73
41,74
41,75
41,76
42,71
42,72
42,73
42,74
42,75
42,76
43,71
43,72
43,74
43,75
43,76
44,71
44,72
44,73
44,74
44,75
44,76
45,71
45,72
45,73
45,74
45,75
45,76
46,71
46,72
46,73
46,74
46,75
46,76
51,61
51,62
51,63
51,64
51,65
51,66
52,61
52,62
52,63
52,64
52,65
52,66
53,61
53,62
53,64
53,65
53,66
54,61
54,62
54,63
54,64
54,65
54,66
55,61
55,62
55,63
55,64
55,65
55,66
56,61
56,62
56,63
56,64
56,65
56,66
11,91
11,92
11,93
11,94
11,95
11,96
12,91
12,92
12,93
12,94
12,95
12,96
13,91
13,92
13,94
13,95
13,96
14,91
14,92
14,93
14,94
14,95
14,96
15,91
15,92
15,93
15,94
15,95
15,96
16,91
16,92
16,93
16,94
16,95
16,96
21,81
21,82
21,83
21,84
21,85
21,86
22,81
22,82
22,83
22,84
22,85
22,86
23,81
23,82
23,84
23,85
23,86
24,81
24,82
24,83
24,84
24,85
24,86
25,81
25,82
25,83
25,84
25,85
25,86
26,81
26,82
26,83
26,84
26,85
26,86
31,71
31,72
31,73
31,74
31,75
31,76
32,71
32,72
32,73
32,74
32,75
32,76
34,71
34,72
34,73
34,74
34,75
34,76
35,71
35,72
35,73
35,74
35,75
35,76
36,71
36,72
36,73
36,74
36,75
36,76
41,61
41,62
41,63
41,64
41,65
41,66
42,61
42,62
42,63
42,64
42,65
42,66
43,61
43,62
43,64
43,65
43,66
44,61
44,62
44,63
44,64
44,65
44,66
45,61
45,62
45,63
45,64
45,65
45,66
46,61
46,62
46,63
46,64
46,65
46,66
51,52
51,53
51,54
51,55
51,56
52,53
52,54
52,55
52,56
53,54
53,55
53,56
54,55
54,56
55,56
11,81
11,82
11,83
11,84
11,85
11,86
12,81
12,82
12,83
12,84
12,85
12,86
13,81
13,82
13,84
13,85
13,86
14,81
14,82
14,83
14,84
14,85
14,86
15,81
15,82
15,83
15,84
15,85
15,86
16,81
16,82
16,83
16,84
16,85
16,86
21,71
21,72
21,73
21,74
21,75
21,76
22,71
22,72
22,73
22,74
22,75
22,76
23,71
23,72
23,74
23,75
23,76
24,71
24,72
24,73
24,74
24,75
24,76
25,71
25,72
25,73
25,74
25,75
25,76
26,71
26,72
26,73
26,74
26,75
26,76
31,61
31,62
31,63
31,64
31,65
31,66
32,61
32,62
32,63
32,64
32,65
32,66
34,61
34,62
34,63
34,64
34,65
34,66
35,61
35,62
35,63
35,64
35,65
35,66
36,61
36,62
36,63
36,64
36,65
36,66
11,71
11,72
11,73
11,74
11,75
11,76
12,71
12,72
12,73
12,74
12,75
12,76
13,71
13,72
13,74
13,75
13,76
14,71
14,72
14,73
14,74
14,75
14,76
15,71
15,72
15,73
15,74
15,75
15,76
16,71
16,72
16,73
16,74
16,75
16,76
21,61
21,62
21,63
21,64
21,65
21,66
22,61
22,62
22,63
22,64
22,65
22,66
23,61
23,62
23,64
23,65
23,66
24,61
24,62
24,63
24,64
24,65
24,66
25,61
25,62
25,63
25,64
25,65
25,66
26,61
26,62
26,63
26,64
26,65
26,66
31,51
31,52
31,53
31,54
31,55
31,56
32,51
32,52
32,53
32,54
32,55
32,56
34,51
34,52
34,53
34,54
34,55
34,56
35,51
35,52
35,53
35,54
35,55
35,56
36,51
36,52
36,53
36,54
36,55
36,56
41,42
41,43
41,44
41,45
41,46
42,43
42,44
42,45
42,46
43,44
43,45
43,46
44,45
44,46
45,46
11,61
11,62
11,63
11,64
11,65
11,66
12,61
12,62
12,63
12,64
12,65
12,66
13,61
13,62
13,64
13,65
13,66
14,61
14,62
14,63
14,64
14,65
14,66
15,61
15,62
15,63
15,64
15,65
15,66
16,61
16,62
16,63
16,64
16,65
16,66
21,51
21,52
21,53
21,54
21,55
21,56
22,51
22,52
22,53
22,54
22,55
22,56
23,51
23,52
23,54
23,55
23,56
24,51
24,52
24,53
24,54
24,55
24,56
25,51
25,52
25,53
25,54
25,55
25,56
26,51
26,52
26,53
26,54
26,55
26,56
31,41
31,42
31,43
31,44
31,45
31,46
32,41
32,42
32,43
32,44
32,45
32,46
34,41
34,42
34,43
34,44
34,45
34,46
35,41
35,42
35,43
35,44
35,45
35,46
36,41
36,42
36,43
36,44
36,45
36,46
11,51
11,52
11,53
11,54
11,55
11,56
12,51
12,52
12,53
12,54
12,55
12,56
13,51
13,52
13,54
13,55
13,56
14,51
14,52
14,53
14,54
14,55
14,56
15,51
15,52
15,53
15,54
15,55
15,56
16,51
16,52
16,53
16,54
16,55
16,56
11,41
11,42
11,43
11,44
11,45
11,46
12,41
12,42
12,43
12,44
12,45
12,46
13,41
13,42
13,44
13,45
13,46
14,41
14,42
14,43
14,44
14,45
14,46
15,41
15,42
15,43
15,44
15,45
15,46
16,41
16,42
16,43
16,44
16,45
16,46
21,31
21,32
21,34
21,35
21,36
22,31
22,32
22,34
22,35
22,36
23,31
23,32
23,34
23,35
23,36
24,31
24,32
24,34
24,35
24,36
25,31
25,32
25,34
25,35
25,36
26,31
26,32
26,34
26,35
26,36
11,31
11,32
11,34
11,35
11,36
12,31
12,32
12,34
12,35
12,36
13,31
13,32
13,34
13,35
13,36
14,31
14,32
14,34
14,35
14,36
15,31
15,32
15,34
15,35
15,36
16,31
16,32
16,34
16,35
16,36
21,22
21,23
21,24
21,25
21,26
22,23
22,24
22,25
22,26
23,24
23,25
23,26
24,25
24,26
25,26
11,12
11,13
11,14
11,15
11,16
12,13
12,14
12,15
12,16
13,14
13,15
13,16
14,15
14,16
15,16
